Attractor, renormCube, in N-space:

[-0.        -0.3404441 -0.        -0.        -0.1678931 -0.        -0.7810813
 -0.        -0.4107949 -0.        -0.7226939 -0.        -0.        -0.        -0.
 -0.        -0.        -0.        -0.3448284 -0.        -0.        -0.        -0.
 -0.        -0.4322246 -0.        -0.        -0.        -0.7415768 -0.
 -0.1519107 -0.        -0.        -0.5357163 -0.        -0.        -0.        -0.
 -0.        -0.3745773 -0.        -0.        -0.        -0.2834224
 -0.7926204 -0.        -0.        -0.2436988 -0.5245591 -0.        -0.        -0.
 -0.        -0.8355926 -0.        -0.        -0.        -0.        -0.        -0.
 -0.        -0.        -0.        -0.        -0.2123931 -0.        -0.5445069
 -0.2665562 -0.        -0.572629  -0.2005568 -0.        -0.        -0.        -0.
 -0.        -0.488918  -0.        -0.398446  -0.9465856 -0.        -0.        -0.
 -0.        -0.        -0.        -0.        -0.        -0.        -0.        -0.
 -0.        -0.        -0.        -0.        -0.2104629 -0.        -0.
 -0.3809416 -0.        -0.        -0.        -0.        -0.3582988 -0.        -0.
 -0.        -0.        -0.        -0.7784736 -0.        -0.        -0.        -1.
 -0.        -0.        -0.3378958 -0.        -0.        -0.        -0.
 -0.3141503 -0.2468723 -0.        -0.8032138]


Attractor, renormCube, in N2-space:


