[  0.00000000e+00   1.10247200e-01   0.00000000e+00   0.00000000e+00
   5.44560000e-02   0.00000000e+00   2.54714300e-01   0.00000000e+00
   1.33830500e-01   0.00000000e+00   2.35410100e-01   0.00000000e+00
   0.00000000e+00   0.00000000e+00   0.00000000e+00   0.00000000e+00
   0.00000000e+00   0.00000000e+00   1.12347200e-01   0.00000000e+00
   0.00000000e+00   1.00000000e-07   0.00000000e+00   0.00000000e+00
   1.40491400e-01   0.00000000e+00   0.00000000e+00   0.00000000e+00
   2.41763400e-01   0.00000000e+00   4.95368000e-02   0.00000000e+00
   0.00000000e+00   1.74642500e-01   0.00000000e+00   0.00000000e+00
   0.00000000e+00   0.00000000e+00   0.00000000e+00   1.21829800e-01
   0.00000000e+00   0.00000000e+00   0.00000000e+00   9.28030000e-02
   2.58276700e-01   0.00000000e+00   0.00000000e+00   7.89492000e-02
   1.71210200e-01   0.00000000e+00   0.00000000e+00   0.00000000e+00
   0.00000000e+00   2.73249800e-01   0.00000000e+00   0.00000000e+00
   0.00000000e+00   0.00000000e+00   0.00000000e+00   0.00000000e+00
   0.00000000e+00   0.00000000e+00   0.00000000e+00   0.00000000e+00
   6.95986000e-02   0.00000000e+00   1.77127500e-01   8.72723000e-02
   0.00000000e+00   1.86652900e-01   6.50791000e-02   0.00000000e+00
   0.00000000e+00   0.00000000e+00   0.00000000e+00   0.00000000e+00
   1.58877500e-01   0.00000000e+00   1.29164100e-01   3.08620600e-01
   0.00000000e+00   0.00000000e+00   0.00000000e+00   0.00000000e+00
   0.00000000e+00   0.00000000e+00   0.00000000e+00   0.00000000e+00
   0.00000000e+00   0.00000000e+00   0.00000000e+00   0.00000000e+00
   0.00000000e+00   0.00000000e+00   0.00000000e+00   6.91311000e-02
   0.00000000e+00   0.00000000e+00   1.24487000e-01   0.00000000e+00
   0.00000000e+00   0.00000000e+00   0.00000000e+00   1.17624500e-01
   0.00000000e+00   0.00000000e+00   0.00000000e+00   0.00000000e+00
   0.00000000e+00   2.53473200e-01   0.00000000e+00   0.00000000e+00
   0.00000000e+00   3.26587500e-01   0.00000000e+00   0.00000000e+00
   1.10331500e-01   0.00000000e+00   0.00000000e+00   0.00000000e+00
   1.00000000e-07   1.02520700e-01   8.01016000e-02   0.00000000e+00
   2.61409800e-01]