Attractor for the sphere normalizaion:

[ -0.00000000e+00  -1.10501700e-01  -0.00000000e+00  -0.00000000e+00
  -5.51800000e-02  -0.00000000e+00  -2.54445600e-01  -0.00000000e+00
  -1.33949800e-01  -0.00000000e+00  -2.35413100e-01  -0.00000000e+00
  -0.00000000e+00  -0.00000000e+00  -0.00000000e+00  -0.00000000e+00
  -0.00000000e+00  -0.00000000e+00  -1.13318800e-01  -0.00000000e+00
  -0.00000000e+00  -0.00000000e+00  -0.00000000e+00  -0.00000000e+00
  -1.40768900e-01  -0.00000000e+00  -0.00000000e+00  -0.00000000e+00
  -2.41799000e-01  -0.00000000e+00  -5.02335000e-02  -0.00000000e+00
  -0.00000000e+00  -1.74814700e-01  -0.00000000e+00  -0.00000000e+00
  -0.00000000e+00  -0.00000000e+00  -0.00000000e+00  -1.22055800e-01
  -0.00000000e+00  -0.00000000e+00  -0.00000000e+00  -9.28957000e-02
  -2.58496600e-01  -0.00000000e+00  -0.00000000e+00  -7.91730000e-02
  -1.71021000e-01  -0.00000000e+00  -0.00000000e+00  -0.00000000e+00
  -0.00000000e+00  -2.72457800e-01  -0.00000000e+00  -0.00000000e+00
  -0.00000000e+00  -0.00000000e+00  -0.00000000e+00  -0.00000000e+00
  -0.00000000e+00  -0.00000000e+00  -0.00000000e+00  -0.00000000e+00
  -6.95794000e-02  -0.00000000e+00  -1.76977300e-01  -8.72606000e-02
  -0.00000000e+00  -1.86647700e-01  -6.52877000e-02  -0.00000000e+00
  -0.00000000e+00  -0.00000000e+00  -0.00000000e+00  -0.00000000e+00
  -1.59313100e-01  -0.00000000e+00  -1.29598500e-01  -3.08570200e-01
  -0.00000000e+00  -0.00000000e+00  -0.00000000e+00  -0.00000000e+00
  -0.00000000e+00  -0.00000000e+00  -0.00000000e+00  -0.00000000e+00
  -0.00000000e+00  -0.00000000e+00  -0.00000000e+00  -0.00000000e+00
  -0.00000000e+00  -0.00000000e+00  -0.00000000e+00  -6.90357000e-02
  -0.00000000e+00  -0.00000000e+00  -1.24011200e-01  -0.00000000e+00
  -0.00000000e+00  -0.00000000e+00  -0.00000000e+00  -1.17177000e-01
  -0.00000000e+00  -0.00000000e+00  -0.00000000e+00  -0.00000000e+00
  -0.00000000e+00  -2.53841500e-01  -0.00000000e+00  -0.00000000e+00
  -0.00000000e+00  -3.25878800e-01  -0.00000000e+00  -0.00000000e+00
  -1.10511500e-01  -0.00000000e+00  -0.00000000e+00  -0.00000000e+00
  -1.00000000e-07  -1.02748700e-01  -7.97704000e-02  -0.00000000e+00
  -2.61582800e-01]
