[ 0.      0.      0.      0.      0.0077  0.      0.1578  0.      0.012   0.
  0.0347  0.      0.      0.      0.      0.      0.      0.      0.0196
  0.      0.      0.      0.      0.      0.0058  0.      0.      0.      0.111
  0.      0.0122  0.      0.      0.0176  0.      0.      0.      0.      0.
  0.0181  0.      0.      0.      0.021   0.2933  0.      0.      0.
  0.0186  0.      0.      0.0033  0.      0.3835  0.0035  0.      0.      0.
  0.      0.      0.      0.      0.      0.      0.0015  0.0052  0.0027
  0.0043  0.      0.0125  0.      0.      0.      0.      0.      0.      0.006
  0.      0.0016  0.2948  0.      0.      0.      0.      0.      0.      0.
  0.      0.      0.      0.      0.      0.      0.      0.      0.013   0.
  0.0134  0.0035  0.      0.      0.      0.0028  0.0361  0.      0.      0.
  0.      0.      0.0581  0.      0.      0.      1.      0.      0.
  0.0172  0.      0.      0.      0.      0.0089  0.      0.      0.0222]