[ 0.          0.34741906  0.          0.          0.19287302  0.
  0.79214898  0.          0.42871902  0.          0.73797019  0.          0.
  0.          0.          0.          0.          0.          0.39344631
  0.          0.          0.          0.          0.          0.44955534
  0.          0.          0.          0.76072334  0.          0.18138357
  0.          0.          0.55946403  0.          0.          0.          0.
  0.          0.38548671  0.          0.          0.          0.30692019
  0.80833162  0.          0.          0.2521904   0.54203321  0.          0.
  0.          0.          0.84468929  0.          0.          0.          0.
  0.          0.          0.          0.          0.          0.
  0.22803509  0.          0.54598535  0.28530685  0.          0.59025418
  0.21071308  0.          0.          0.          0.          0.
  0.51039201  0.          0.41315857  0.95812317  0.          0.          0.
  0.          0.          0.          0.          0.          0.          0.
  0.          0.          0.          0.          0.          0.22891046
  0.          0.          0.38327536  0.          0.          0.          0.
  0.3744329   0.          0.          0.          0.          0.
  0.79868642  0.          0.          0.          1.          0.          0.
  0.36221541  0.          0.          0.          0.          0.33749074
  0.23345235  0.          0.8167619 ]