This is first draft, on 3/25.

Rerunning with smaller step, more time.

[  5.23999862e-06   4.75076263e-06   4.46912714e-08   3.11480331e-06
   4.95492602e-06   8.13423754e-13   8.81802492e-05   2.97022936e-06
   6.58743940e-06   1.84603076e-09   8.06506884e-06   8.13423754e-13
   4.13458968e-06   2.06006836e-07   2.94139144e-06   4.46878071e-08
   4.16156077e-06   2.40507776e-06   6.66800084e-06   3.52989187e-06
   3.18555715e-06   4.43405115e-06   3.76307657e-06   8.13423754e-13
   5.37969226e-06   2.90626901e-06   3.28038192e-06   3.44672419e-06
   3.32660471e-05   1.84603032e-09   6.08203553e-06   2.89302277e-06
   4.30227261e-06   7.16859449e-06   4.77932950e-06   3.65168529e-06
   2.80639476e-06   2.33023772e-06   3.66952038e-06   6.90037065e-06
   3.48088427e-06   3.15479113e-06   3.49789754e-06   6.46843303e-06
   3.49726202e-03   7.23467102e-07   4.44837029e-06   4.32055869e-06
   6.32277571e-06   4.60617574e-06   3.04711648e-06   5.61927654e-06
   7.23580160e-07   3.04129029e-03   4.55720770e-06   3.59288452e-06
   3.71026724e-06   4.45402318e-08   2.89307089e-06   4.03477973e-06
   4.46912893e-08   3.31660770e-06   4.01739805e-06   8.13423754e-13
   5.87004563e-06   4.96370198e-06   5.40554042e-06   5.58625412e-06
   3.53995264e-06   5.99872077e-06   4.31849151e-06   3.63298793e-06
   7.21495910e-07   3.31550880e-06   3.13448088e-06   1.53228497e-09
   5.21773715e-06   2.04457147e-07   4.92310552e-06   2.78546086e-04
   8.13423754e-13   4.41833419e-06   3.42285882e-06   3.77188529e-06
   4.19478102e-06   2.05992712e-07   3.19762244e-06   3.43850559e-06
   3.43636617e-06   2.78880371e-06   1.84603077e-09   4.46913104e-08
   1.53230556e-09   1.31786371e-09   2.98325251e-06   6.28799626e-06
   2.74298431e-06   5.98243312e-06   5.99931865e-06   3.03957631e-06
   2.42589762e-06   2.91272987e-06   4.54608100e-06   1.14335156e-05
   2.23137409e-06   7.23138429e-07   3.70146575e-06   2.05996823e-07
   3.05748740e-06   8.33273662e-06   1.53230556e-09   1.53230556e-09
   3.31156741e-06   1.00000000e+00   3.81860740e-06   3.54145926e-06
   6.79004268e-06   3.26246624e-06   1.84603077e-09   4.04474682e-06
   4.48391523e-06   5.90705476e-06   4.56562636e-06   2.71344336e-06
   6.51605172e-06]


28-clique:
[  6   8  10  18  24  28  30  33  39  43  44  48  51  53  64  66  67  69
  79  95  97  98 103 109 113 116 121 124]
