[  0.00000000e+00   0.00000000e+00   0.00000000e+00   0.00000000e+00
   3.48000000e-02   0.00000000e+00   3.90000000e-01   0.00000000e+00
   6.92000000e-02   0.00000000e+00   2.37300000e-01   0.00000000e+00
   0.00000000e+00   0.00000000e+00   0.00000000e+00   0.00000000e+00
   0.00000000e+00   0.00000000e+00   8.11000000e-02   0.00000000e+00
   0.00000000e+00   0.00000000e+00   0.00000000e+00   0.00000000e+00
   5.57000000e-02   0.00000000e+00   0.00000000e+00   0.00000000e+00
   3.28900000e-01   0.00000000e+00   4.72000000e-02   0.00000000e+00
   0.00000000e+00   1.26600000e-01   0.00000000e+00   0.00000000e+00
   0.00000000e+00   0.00000000e+00   0.00000000e+00   7.31000000e-02
   0.00000000e+00   0.00000000e+00   0.00000000e+00   9.48000000e-02
   4.68300000e-01   0.00000000e+00   0.00000000e+00   2.00000000e-04
   1.15200000e-01   0.00000000e+00   0.00000000e+00   0.00000000e+00
   0.00000000e+00   5.62700000e-01   0.00000000e+00   0.00000000e+00
   0.00000000e+00   0.00000000e+00   0.00000000e+00   0.00000000e+00
   0.00000000e+00   0.00000000e+00   0.00000000e+00   0.00000000e+00
   2.86000000e-02   2.00000000e-04   5.95000000e-02   2.84000000e-02
   0.00000000e+00   1.30800000e-01   5.00000000e-04   0.00000000e+00
   0.00000000e+00   0.00000000e+00   0.00000000e+00   0.00000000e+00
   5.39000000e-02   0.00000000e+00   2.54000000e-02   6.75000000e-01
   0.00000000e+00   0.00000000e+00   0.00000000e+00   0.00000000e+00
   0.00000000e+00   0.00000000e+00   0.00000000e+00   0.00000000e+00
   0.00000000e+00   0.00000000e+00   0.00000000e+00   0.00000000e+00
   0.00000000e+00   0.00000000e+00   0.00000000e+00   5.89000000e-02
   0.00000000e+00   1.90000000e-02   2.86000000e-02   0.00000000e+00
   0.00000000e+00   0.00000000e+00   0.00000000e+00   9.68000000e-02
   0.00000000e+00   0.00000000e+00   0.00000000e+00   0.00000000e+00
   0.00000000e+00   3.17800000e-01   0.00000000e+00   0.00000000e+00
   0.00000000e+00   1.00000000e+00   0.00000000e+00   0.00000000e+00
   8.64000000e-02   0.00000000e+00   0.00000000e+00   0.00000000e+00
   0.00000000e+00   6.24000000e-02   0.00000000e+00   0.00000000e+00
   2.45600000e-01]